image_width: 672
image_height: 376
camera_name: narrow_stereo/left
camera_matrix:
  rows: 3
  cols: 3
  data: [349.314769, 0.000000, 336.019016, 0.000000, 349.185461, 190.354618, 0.000000, 0.000000, 1.000000]
distortion_model: plumb_bob
distortion_coefficients:
  rows: 1
  cols: 5
  data: [-0.173456, 0.026733, -0.000027, 0.000025, 0.000000]
rectification_matrix:
  rows: 3
  cols: 3
  data: [0.999852, -0.001133, 0.017165, 0.001113, 0.999999, 0.001206, -0.017167, -0.001187, 0.999852]
projection_matrix:
  rows: 3
  cols: 4
  data: [350.128566, 0.000000, 349.157558, 0.000000, 0.000000, 350.128566, 201.377937, 0.000000, 0.000000, 0.000000, 1.000000, 0.000000]
