image_width: 672
image_height: 376
camera_name: narrow_stereo/right
camera_matrix:
  rows: 3
  cols: 3
  data: [348.669504, 0.000000, 365.955632, 0.000000, 348.437339, 208.399581, 0.000000, 0.000000, 1.000000]
distortion_model: plumb_bob
distortion_coefficients:
  rows: 1
  cols: 5
  data: [-0.171483, 0.025811, 0.000097, 0.000174, 0.000000]
rectification_matrix:
  rows: 3
  cols: 3
  data: [0.999974, -0.001876, 0.006980, 0.001884, 0.999998, -0.001190, -0.006978, 0.001203, 0.999975]
projection_matrix:
  rows: 3
  cols: 4
  data: [350.128566, 0.000000, 349.157558, -41.891082, 0.000000, 350.128566, 201.377937, 0.000000, 0.000000, 0.000000, 1.000000, 0.000000]
